18637
1550
18645
18641
19163
18646
19142
1484
18964
19039
18632
18641
18920
19036
19038
18969
19352
1609
362
358
355
359
367
369
348
341
335
372
353
18643
19078
19086
19094
19138
19099
19066
19472
19315
19320
19317
19308
18966
1371
1241
1248
1252
1253
19520
18963
19137
18867
19006
19008
19011
19012
19016
19019
19033
19027
19139
19138
19140
18638
1254
18922
18923
18924
18900
18904
18895
18894
6865
18972
18971
19067
19069
18937
18961
19136
1310
1242
1247
18920
18916
18915
18911
18919
18917
18953
18974
19419
19318
19319
18939
18957
18952
19141
19314
19314
19016
19022
19139
1210
1598
2114
18749
19488
19487
18693
18661
18659
18663